Techniques=qUINT_regrade,qUINT_lightroom
TechniquesSorting=qUINT_lightroom,qUINT_regrade

[qUINT_regrade.fx]
UIHELP=0.000000
NODE1=1.000000
NODE2=2.000000
NODE3=3.000000
NODE4=4.000000
NODE5=5.000000
NODE6=6.000000
NODE7=7.000000
NODE8=8.000000
NODE9=9.000000
INPUT_BLACK_LVL=0.000000
INPUT_WHITE_LVL=255.000000
OUTPUT_BLACK_LVL=0.000000
OUTPUT_WHITE_LVL=255.000000
GRADE_CONTRAST=0.000000
GRADE_EXPOSURE=0.000000
GRADE_GAMMA=0.000000
GRADE_SATURATION=0.000000
GRADE_VIBRANCE=0.000000
INPUT_LIFT_COLOR=0.500000,0.500000,0.500000
INPUT_GAMMA_COLOR=0.500000,0.500000,0.500000
INPUT_GAIN_COLOR=0.500000,0.500000,0.500000
INPUT_COLOR_TEMPERATURE=6500.000000
COLOR_REMAP_RED=0.000000,0.000000,0.000000
COLOR_REMAP_ORANGE=0.000000,0.000000,0.000000
COLOR_REMAP_YELLOW=0.000000,0.000000,0.000000
COLOR_REMAP_GREEN=0.000000,0.000000,0.000000
COLOR_REMAP_AQUA=0.000000,0.000000,0.000000
COLOR_REMAP_BLUE=0.000000,-0.750000,0.250000
COLOR_REMAP_MAGENTA=0.000000,0.000000,0.000000
TONECURVE_SHADOWS=-0.600000
TONECURVE_DARKS=0.000000
TONECURVE_LIGHTS=0.000000
TONECURVE_HIGHLIGHTS=1.000000
TONECURVE_DARKWASH_RANGE=0.200000
TONECURVE_DARKWASH_INT=0.700000
SPLITTONE_SHADOWS=1.000000,1.000000,1.000000
SPLITTONE_HIGHLIGHTS=1.000000,1.000000,1.000000
SPLITTONE_BALANCE=0.500000
CB_SHAD=0.000000,0.000000
CB_MID=0.000000,0.000000
CB_HI=0.000000,0.000000
SPECIAL_BLEACHBP=0.000000
SPECIAL_GAMMA_LUM_CHROM=0.000000,0.000000
ENABLE_VIGNETTE=0.000000
VIGNETTE_RADIUS_MECH=0.524000
VIGNETTE_BLURRYNESS_MECH=0.800000
VIGNETTE_RATIO=0.000000
VIGNETTE_RADIUS_SENSOR=1.000000
VIGNETTE_BLEND_MODE=1.000000
DITHER_BIT_DEPTH=2.000000

[qUINT_lightroom.fx]
LIGHTROOM_ENABLE_LUT=0.000000
LIGHTROOM_LUT_TILE_SIZE=16.000000
LIGHTROOM_LUT_TILE_COUNT=16.000000
LIGHTROOM_LUT_SCROLL=0.000000
LIGHTROOM_ENABLE_CURVE_DISPLAY=0.000000
LIGHTROOM_ENABLE_CLIPPING_DISPLAY=0.000000
LIGHTROOM_RED_HUESHIFT=0.000000
LIGHTROOM_ORANGE_HUESHIFT=0.000000
LIGHTROOM_YELLOW_HUESHIFT=0.000000
LIGHTROOM_GREEN_HUESHIFT=0.000000
LIGHTROOM_AQUA_HUESHIFT=0.000000
LIGHTROOM_BLUE_HUESHIFT=0.000000
LIGHTROOM_MAGENTA_HUESHIFT=0.000000
LIGHTROOM_RED_EXPOSURE=0.000000
LIGHTROOM_ORANGE_EXPOSURE=0.000000
LIGHTROOM_YELLOW_EXPOSURE=0.000000
LIGHTROOM_GREEN_EXPOSURE=-0.001000
LIGHTROOM_AQUA_EXPOSURE=0.000000
LIGHTROOM_BLUE_EXPOSURE=0.000000
LIGHTROOM_MAGENTA_EXPOSURE=0.000000
LIGHTROOM_RED_SATURATION=0.500000
LIGHTROOM_ORANGE_SATURATION=0.000000
LIGHTROOM_YELLOW_SATURATION=0.000000
LIGHTROOM_GREEN_SATURATION=0.000000
LIGHTROOM_AQUA_SATURATION=0.000000
LIGHTROOM_BLUE_SATURATION=0.161000
LIGHTROOM_MAGENTA_SATURATION=0.000000
LIGHTROOM_GLOBAL_BLACK_LEVEL=0.000000
LIGHTROOM_GLOBAL_WHITE_LEVEL=255.000000
LIGHTROOM_GLOBAL_EXPOSURE=0.000000
LIGHTROOM_GLOBAL_GAMMA=0.000000
LIGHTROOM_GLOBAL_BLACKS_CURVE=0.000000
LIGHTROOM_GLOBAL_SHADOWS_CURVE=-0.450000
LIGHTROOM_GLOBAL_MIDTONES_CURVE=0.000000
LIGHTROOM_GLOBAL_HIGHLIGHTS_CURVE=1.000000
LIGHTROOM_GLOBAL_WHITES_CURVE=0.000000
LIGHTROOM_GLOBAL_CONTRAST=-0.811000
LIGHTROOM_GLOBAL_SATURATION=0.000000
LIGHTROOM_GLOBAL_VIBRANCE=0.000000
LIGHTROOM_GLOBAL_TEMPERATURE=0.000000
LIGHTROOM_GLOBAL_TINT=0.000000
LIGHTROOM_ENABLE_VIGNETTE=0.000000
LIGHTROOM_VIGNETTE_SHOW_RADII=0.000000
LIGHTROOM_VIGNETTE_RADIUS_INNER=0.000000
LIGHTROOM_VIGNETTE_RADIUS_OUTER=1.000000
LIGHTROOM_VIGNETTE_WIDTH=0.000000
LIGHTROOM_VIGNETTE_HEIGHT=0.000000
LIGHTROOM_VIGNETTE_AMOUNT=1.000000
LIGHTROOM_VIGNETTE_CURVE=1.000000
LIGHTROOM_VIGNETTE_BLEND_MODE=1.000000

